20 6 118

5 2 1 5 3 4

1 2 10 -3 1 4
2 5 5 3 10 -3
10 5 2 1 5 4
-3 3 1 0 4 8
1 10 5 4 -1 0
4 -3 4 8 0 2

0 1
0 3
0 4
0 6
0 9
0 12
0 13
0 15
0 19
1 2
1 4
1 5
1 6
1 11
1 13
1 15
1 16
1 18
1 19
2 4
2 5
2 8
2 10
2 11
2 12
2 13
2 14
2 15
2 16
2 17
3 4
3 6
3 8
3 11
3 12
3 13
3 16
3 17
3 18
3 19
4 5
4 10
4 11
4 13
4 14
4 15
4 16
4 17
4 18
5 7
5 8
5 10
5 11
5 12
5 13
5 17
6 8
6 9
6 10
6 12
6 13
6 14
6 15
6 16
6 17
6 18
7 9
7 10
7 12
7 13
7 14
7 15
7 17
8 9
8 10
8 11
8 12
8 13
8 14
8 16
8 17
8 18
9 10
9 12
9 13
9 15
9 16
9 19
10 13
10 14
10 15
10 16
10 18
10 19
11 12
11 13
11 14
11 15
11 16
11 18
12 13
12 14
12 19
13 14
13 16
13 17
13 18
13 19
14 15
14 16
14 17
15 16
15 17
15 18
16 17
16 19
17 18
17 19
