20 6 134

1 1 11 3 3 1

-3 -2 3 11 -1 15
-2 -5 -1 -2 -7 -2
3 -1 -1 9 5 7
11 -2 9 0 9 -4
-1 -7 5 9 0 5
15 -2 7 -4 5 2

0 2
0 4
0 5
0 6
0 7
0 8
0 9
0 11
0 12
0 14
0 16
0 17
0 18
1 3
1 4
1 6
1 7
1 8
1 9
1 11
1 12
1 14
1 15
1 16
1 18
1 19
2 3
2 4
2 5
2 6
2 7
2 8
2 12
2 14
2 15
2 16
2 18
3 4
3 5
3 6
3 8
3 9
3 10
3 12
3 15
3 16
3 17
3 19
4 5
4 7
4 8
4 10
4 12
4 14
4 15
4 16
4 17
4 18
5 7
5 8
5 9
5 10
5 12
5 13
5 14
5 16
5 17
5 18
5 19
6 7
6 9
6 10
6 12
6 13
6 15
6 16
6 17
6 18
6 19
7 9
7 10
7 12
7 13
7 16
7 18
7 19
8 9
8 10
8 11
8 12
8 13
8 14
8 16
8 19
9 11
9 12
9 13
9 14
9 15
9 16
9 18
10 11
10 12
10 13
10 15
10 16
10 18
10 19
11 12
11 13
11 14
11 15
11 18
11 19
12 13
12 14
12 17
12 18
12 19
13 15
13 16
13 17
13 18
13 19
14 15
14 16
14 19
15 17
15 18
15 19
16 18
16 19
17 19
18 19
